#Handling.cfg
ANDROM      40000.0 3000000.0   4.0    0.0  0.0  0.0    75  0.65 0.9  0.5  	1 200.0 16.0 5.0  4 P 	1.0   0.45 0 45.0  	2.0  0.15  0.0   0.50 -0.20 0.5  0.0		0.30 0.75 45000 	24114008	440000		0  1	0
BAGGAGE      1000.0    1354.2   5.0    0.0  0.4 -0.2    70  1.00 0.85 0.5  	3 160.0 20.0 30.0 R E 	5.0   0.50 0 30.0  	2.0  0.09  0.0   0.25 -0.10 0.5  0.0		0.26 0.50  9000 	00000300		4			1  1	0
BANDITO      1000.0    2500.3   4.0    0.0  0.0 -0.3    80  0.70 0.88 0.55 	4 170.0 35.0 5.0  R P 	6.1   0.55 0 35.0  	1.0  0.10  5.0   0.25 -0.20 0.35  0.0		0.60 0.40 15000 	40002B04	308400		1  2	1
BFINJECT     1200.0    2000.0   4.0    0.0 -0.1 -0.1    80  0.75 0.85 0.5	 	4 170.0 30.0 10.0 R P 	6.0   0.50 0 35.0  	1.0  0.07  5.0   0.20 -0.15 0.45 0.0		0.38 0.40 15000 	00202904		308200		1  2	25
CEMENT       5500.0   33187.9   2.0    0.0  0.0  0.0    90  0.58 0.8  0.5  	4 110.0 20.0 20.0 R D 	03.17 0.40 0 30.0  	1.4  0.06  0.0   0.45 -0.25 0.55 0.0		0.45 0.20 5000  	20404008		40200		0  1	0
HOTRING		 1600.0	   4500.0	1.4	   0.0	0.2	-0.4	70	0.85	0.80	0.48	5	220.0	26.0	5.0	R	P	10.0	0.52	0	30.0	1.5	0.10	10.0	0.29	-0.16	0.6	0.4	0.20	0.56	45000	40002000	C00000	1	1	0
HUSTLER      1700.0    4000.0   2.5    0.0  0.0 -0.05   75  0.75 0.75 0.52 	5 160.0 22.0 10.0 R P 	8.0   0.50 0 30.0  	0.45 0.1   0.0   0.10 -0.15 0.5  0.5		0.18 0.45 20000 	00002000			800000		2  1	0
KART		 300.0	    150.0	5.0	   0.0	0.0	-0.15	110	0.90	0.85	0.48	4	90.0	18.0	5.0	R	P	15.0	0.20	0	35.0	1.5	0.20	0.0	0.25	-0.04	0.5	0.0	0.38	0.40	15000	40000B00	308201	1	2	18
MONSTER      5000.0   20000.0   3.0    0.0  0.0 -0.35   80  0.65 0.85 0.55  	5 110.0 45.0 25.0 4 P 	7.0   0.45 0 35.0  	1.5  0.07  0.0   0.45 -0.30 0.5  0.3		0.44 0.35 40000 	00002028			1300045		0  1	20
PATRIOT      2500.0    7968.7   2.5    0.0  0.0  0.0    80  0.70 0.85 0.5  	5 170.0 25.0 20.0 4 P 	8.0   0.50 0 30.0  	1.5  0.08  4.0   0.35 -0.35 0.5  0.0		0.28 0.25 40000 	00000048			300000		0  1	0
STRETCH		 2200.0	  10000.0	1.8    0.0	0.0	 0.0	75	0.60	0.8	0.5	5	180.0	18.0	25.0	R	P	10.0	0.40	0	30.0	1.1	0.07	0.0	0.35	-0.20	0.5	0.0	0.2	0.72	40000	00280000	10400001	1	1	0
TRASH        5500.0   33187.9   5.0    0.0  0.0 -0.2    90  0.60 0.9  0.5  	4 110.0 20.0 30.0 R D 	3.5   0.40 0 30.0  	1.0  0.06  0.0   0.45 -0.25 0.55 0.3		0.45 0.20 5000  	00114008		200			0  1	0
SWEEPER		 800.0	    632.7	5.0	   0.0	0.0	-0.3	80	0.70	0.80	0.46	3	60.0	12.0	30.0	R	P	6.1	0.55	0	35.0	1.6	0.15	0.0	0.34	-0.10	0.5	0.0	0.30	0.40	15000	40004A00	1308201	1	2	0
MTRUCK_A	 5000.0	  20000.0	3.0	   0.0	0.0	-0.35	80	0.65	0.85	0.55	5	110.0	45.0	25.0	4	P	7.0	0.45	0	35.0	1.5	0.07	0.0	0.45	-0.30	0.5	0.3	0.44	0.35	40000	00002028	1300045	0	1	20
MTRUCK_B	 5000.0	  20000.0	3.0	   0.0	0.0	-0.35	80	0.65	0.85	0.55	5	110.0	45.0	25.0	4	P	7.0	0.45	0	35.0	1.5	0.07	0.0	0.45	-0.30	0.5	0.3	0.44	0.35	40000	00002028	1300045	0	1	20

#Vehicles.ide
508, 	journey, 	journey, 	car, 		JOURNEY,	JOURNEY, 	null,	worker, 	4, 	0,	0,		-1, 0.7, 0.7,		-1

#Carcols.dat
androm, 1,3, 8,7, 8,10, 8,16, 23,31, 40,44

#Carmods.dat
euros, nto_b_l, nto_b_s, nto_b_tw, spl_b_bbb_m, spl_b_bab_m, spl_b_mab_m, spl_b_bar_m, spl_b_bar_l, spl_b_bbr_l, exh_b_l, exh_b_m, exh_b_t, exh_b_ts, bnt_b_sc_l, bnt_b_sc_m, bnt_b_sc_p_l
huntley, exh_b_l, exh_b_t, exh_b_ts, nto_b_l, nto_b_s, nto_b_tw, rf_b_sc_r, spl_b_bar_m, spl_b_bbr_m, spl_b_mar_m, wg_l_b_ssk
rnchlure, bnt_b_sc_l, bnt_b_sc_m, exh_b_l, exh_b_t, exh_b_ts, lgt_b_rspt, lgt_b_sspt, nto_b_l, nto_b_s, nto_b_tw, rf_b_sc_r, spl_b_bar_m, spl_b_bbr_m, spl_b_mar_m
sadler, nto_b_l, nto_b_s, nto_b_tw, rf_b_sc_r, wg_l_b_ssk, exh_b_t, spl_b_bbb_m, spl_b_bab_m, spl_b_mab_m, spl_b_bar_m, bntl_b_ov, exh_b_l
sadlshit, nto_b_l, nto_b_s, nto_b_tw, rf_b_sc_r, wg_l_b_ssk, exh_b_t, spl_b_bbb_m, spl_b_bab_m, spl_b_mab_m, spl_b_bar_m, bntl_b_ov, exh_b_l
slamvan, bbb_lr_slv1, bbb_lr_slv2, exh_lr_slv1, exh_lr_slv2, fbb_lr_slv1, fbb_lr_slv2, fbmp_lr_slv1, nto_b_l, nto_b_s, nto_b_tw, wg_l_lr_slv1, wg_l_lr_slv2, bnt_lr_slv1, bnt_lr_slv2
supergt, nto_b_l, nto_b_s, nto_b_tw, exh_b_l, exh_b_m, exh_b_t, exh_b_ts
cadrona, exh_b_m, exh_b_l, exh_b_ts, nto_b_l, nto_b_s, nto_b_tw, spl_b_bab_m, spl_b_bar_l, spl_b_bbr_l, wg_l_b_ssk, rf_b_sc_r

